3,2
3,1
3,3
10,124
10,192
10,154
10,282
10,160
10,22
10,74
10,300
11,26
11,16
11,8
11,4
11,22
8,13
8,18
8,5
8,12
2,2
2,1
2,3
48,3
48,1
47,3
47,2
47,1
26,3
26,1
21,3
21,2
21,1
21,0
20,3
20,2
20,1
19,3
19,2
19,1
18,3
18,1
14,3
14,1
13,3
13,1
12,3
12,2
12,1
11,28
11,21
11,20
11,18
11,17
11,14
11,13
11,12
11,11
11,10
11,9
11,5
11,3
11,2
11,1
10,277
10,268
10,251
10,236
10,219
10,199
10,183
10,174
10,172
10,136
10,126
10,97
10,95
10,82
10,68
10,31
10,3
10,2
10,1
9,7
9,6
9,5
9,4
9,3
9,2
9,1
8,17
8,16
8,14
8,11
8,10
8,9
8,8
8,7
8,6
8,4
8,3
8,2
8,1
7,13
7,12
7,11
7,10
